379 1 5 25
530 1 5 25
714 1 5 25
522 1 5 25
314 1 5 25
314 1 5 25
377 1 5 25
20 1 5 25
157 1 5 25
284 1 5 25
758 1 5 25
153 1 5 25
612 1 5 25
168 1 5 25
185 1 5 25
705 1 5 25
246 1 5 25
702 1 5 25
898 1 5 25
718 1 5 25
443 1 5 25
684 1 5 25
42 1 5 25
429 1 5 25
973 1 5 25
879 1 5 25
493 1 5 25
102 1 5 25
622 1 5 25
524 1 5 25
754 1 5 25
508 1 5 25
752 1 5 25
665 1 5 25
294 1 5 25
369 1 5 25
662 1 5 25
319 1 5 25
508 1 5 25
563 1 5 25
806 1 5 25
103 1 5 25
425 1 5 25
899 1 5 25
397 1 5 25
283 1 5 25
328 1 5 25
757 1 5 25
522 1 5 25
364 1 5 25
409 1 5 25
227 1 5 25
807 1 5 25
670 1 5 25
421 1 5 25
744 1 5 25
928 1 5 25
294 1 5 25
825 1 5 25
477 1 5 25
320 1 5 25
802 1 5 25
972 1 5 25
354 1 5 25
908 1 5 25
646 1 5 25
151 1 5 25
630 1 5 25
605 1 5 25
18 1 5 25
643 1 5 25
53 1 5 25
914 1 5 25
567 1 5 25
264 1 5 25
534 1 5 25
862 1 5 25
174 1 5 25
769 1 5 25
566 1 5 25
897 1 5 25
89 1 5 25
506 1 5 25
144 1 5 25
890 1 5 25
201 1 5 25
286 1 5 25
813 1 5 25
849 1 5 25
41 1 5 25
324 1 5 25
188 1 5 25
915 1 5 25
479 1 5 25
869 1 5 25
928 1 5 25
270 1 5 25
851 1 5 25
483 1 5 25
788 1 5 25
959 1 5 25
976 1 5 25
385 1 5 25
100 1 5 25
870 1 5 25
887 1 5 25
269 1 5 25
857 1 5 25
818 1 5 25
211 1 5 25
368 1 5 25
708 1 5 25
542 1 5 25
886 1 5 25
469 1 5 25
827 1 5 25
898 1 5 25
133 1 5 25
857 1 5 25
889 1 5 25
721 1 5 25
401 1 5 25
579 1 5 25
145 1 5 25
420 1 5 25
313 1 5 25
153 1 5 25
861 1 5 25
646 1 5 25
654 1 5 25
638 1 5 25
614 1 5 25
913 1 5 25
462 1 5 25
857 1 5 25
410 1 5 25
938 1 5 25
853 1 5 25
262 1 5 25
196 1 5 25
999 1 5 25
519 1 5 25
16 1 5 25
668 1 5 25
759 1 5 25
982 1 5 25
680 1 5 25
929 1 5 25
824 1 5 25
27 1 5 25
715 1 5 25
79 1 5 25
424 1 5 25
427 1 5 25
746 1 5 25
410 1 5 25
910 1 5 25
304 1 5 25
218 1 5 25
74 1 5 25
418 1 5 25
854 1 5 25
541 1 5 25
596 1 5 25
360 1 5 25
205 1 5 25
36 1 5 25
312 1 5 25
764 1 5 25
193 1 5 25
898 1 5 25
473 1 5 25
40 1 5 25
409 1 5 25
374 1 5 25
805 1 5 25
905 1 5 25
661 1 5 25
872 1 5 25
87 1 5 25
194 1 5 25
875 1 5 25
564 1 5 25
922 1 5 25
583 1 5 25
826 1 5 25
623 1 5 25
884 1 5 25
614 1 5 25
677 1 5 25
414 1 5 25
552 1 5 25
141 1 5 25
382 1 5 25
824 1 5 25
842 1 5 25
131 1 5 25
934 1 5 25
311 1 5 25
24 1 5 25
687 1 5 25
773 1 5 25
673 1 5 25
606 1 5 25
803 1 5 25
81 1 5 25
566 1 5 25
766 1 5 25
910 1 5 25
796 1 5 25
143 1 5 25
428 1 5 25
213 1 5 25
778 1 5 25
980 1 5 25
735 1 5 25
529 1 5 25
143 1 5 25
977 1 5 25
514 1 5 25
862 1 5 25
323 1 5 25
706 1 5 25
688 1 5 25
82 1 5 25
419 1 5 25
652 1 5 25
260 1 5 25
716 1 5 25
879 1 5 25
321 1 5 25
357 1 5 25
521 1 5 25
635 1 5 25
129 1 5 25
383 1 5 25
46 1 5 25
964 1 5 25
370 1 5 25
823 1 5 25
1 1 5 25
227 1 5 25
142 1 5 25
925 1 5 25
135 1 5 25
845 1 5 25
604 1 5 25
177 1 5 25
824 1 5 25
695 1 5 25
81 1 5 25
273 1 5 25
635 1 5 25
653 1 5 25
617 1 5 25
817 1 5 25
65 1 5 25
553 1 5 25
620 1 5 25
142 1 5 25
918 1 5 25
410 1 5 25
102 1 5 25
505 1 5 25
359 1 5 25
699 1 5 25
398 1 5 25
645 1 5 25
935 1 5 25
533 1 5 25
458 1 5 25
985 1 5 25
529 1 5 25
330 1 5 25
946 1 5 25
782 1 5 25
294 1 5 25
201 1 5 25
135 1 5 25
191 1 5 25
694 1 5 25
736 1 5 25
695 1 5 25
381 1 5 25
339 1 5 25
396 1 5 25
662 1 5 25
676 1 5 25
230 1 5 25
992 1 5 25
807 1 5 25
13 1 5 25
271 1 5 25
880 1 5 25
208 1 5 25
400 1 5 25
594 1 5 25
121 1 5 25
58 1 5 25
466 1 5 25
561 1 5 25
900 1 5 25
200 1 5 25
384 1 5 25
405 1 5 25
767 1 5 25
764 1 5 25
850 1 5 25
266 1 5 25
59 1 5 25
487 1 5 25
930 1 5 25
410 1 5 25
243 1 5 25
393 1 5 25
637 1 5 25
38 1 5 25
63 1 5 25
734 1 5 25
931 1 5 25
217 1 5 25
614 1 5 25
686 1 5 25
768 1 5 25
135 1 5 25
688 1 5 25
686 1 5 25
274 1 5 25
493 1 5 25
337 1 5 25
592 1 5 25
335 1 5 25
316 1 5 25
280 1 5 25
196 1 5 25
275 1 5 25
699 1 5 25
76 1 5 25
972 1 5 25
37 1 5 25
843 1 5 25
941 1 5 25
625 1 5 25
813 1 5 25
869 1 5 25
583 1 5 25
77 1 5 25
429 1 5 25
41 1 5 25
374 1 5 25
847 1 5 25
967 1 5 25
909 1 5 25
221 1 5 25
826 1 5 25
556 1 5 25
260 1 5 25
15 1 5 25
24 1 5 25
223 1 5 25
286 1 5 25
847 1 5 25
439 1 5 25
816 1 5 25
578 1 5 25
916 1 5 25
756 1 5 25
351 1 5 25
892 1 5 25
522 1 5 25
613 1 5 25
845 1 5 25
498 1 5 25
659 1 5 25
699 1 5 25
219 1 5 25
551 1 5 25
917 1 5 25
115 1 5 25
612 1 5 25
950 1 5 25
197 1 5 25
853 1 5 25
379 1 5 25
257 1 5 25
799 1 5 25
595 1 5 25
412 1 5 25
862 1 5 25
558 1 5 25
808 1 5 25
671 1 5 25
601 1 5 25
309 1 5 25
331 1 5 25
958 1 5 25
275 1 5 25
581 1 5 25
344 1 5 25
411 1 5 25
326 1 5 25
238 1 5 25
538 1 5 25
381 1 5 25
155 1 5 25
583 1 5 25
823 1 5 25
214 1 5 25
19 1 5 25
947 1 5 25
27 1 5 25
401 1 5 25
987 1 5 25
220 1 5 25
571 1 5 25
395 1 5 25
268 1 5 25
580 1 5 25
142 1 5 25
517 1 5 25
695 1 5 25
66 1 5 25
896 1 5 25
396 1 5 25
115 1 5 25
130 1 5 25
348 1 5 25
493 1 5 25
140 1 5 25
566 1 5 25
487 1 5 25
869 1 5 25
557 1 5 25
717 1 5 25
836 1 5 25
983 1 5 25
565 1 5 25
668 1 5 25
795 1 5 25
570 1 5 25
694 1 5 25
423 1 5 25
672 1 5 25
335 1 5 25
313 1 5 25
867 1 5 25
48 1 5 25
26 1 5 25
136 1 5 25
711 1 5 25
804 1 5 25
56 1 5 25
903 1 5 25
277 1 5 25
732 1 5 25
173 1 5 25
758 1 5 25
658 1 5 25
296 1 5 25
795 1 5 25
763 1 5 25
652 1 5 25
155 1 5 25
67 1 5 25
677 1 5 25
507 1 5 25
762 1 5 25
865 1 5 25
600 1 5 25
387 1 5 25
674 1 5 25
477 1 5 25
466 1 5 25
786 1 5 25
303 1 5 25
154 1 5 25
113 1 5 25
742 1 5 25
920 1 5 25
545 1 5 25
504 1 5 25
232 1 5 25
40 1 5 25
800 1 5 25
689 1 5 25
375 1 5 25
814 1 5 25
344 1 5 25
207 1 5 25
86 1 5 25
166 1 5 25
563 1 5 25
187 1 5 25
98 1 5 25
695 1 5 25
81 1 5 25
985 1 5 25
348 1 5 25
981 1 5 25
720 1 5 25
925 1 5 25
997 1 5 25
904 1 5 25
942 1 5 25
318 1 5 25
18 1 5 25
337 1 5 25
343 1 5 25
930 1 5 25
202 1 5 25
374 1 5 25
419 1 5 25
899 1 5 25
515 1 5 25
579 1 5 25
662 1 5 25
875 1 5 25
564 1 5 25
372 1 5 25
876 1 5 25
201 1 5 25
593 1 5 25
745 1 5 25
162 1 5 25
533 1 5 25
681 1 5 25
913 1 5 25
213 1 5 25
461 1 5 25
927 1 5 25
114 1 5 25
659 1 5 25
386 1 5 25
675 1 5 25
749 1 5 25
404 1 5 25
434 1 5 25
730 1 5 25
577 1 5 25
982 1 5 25
718 1 5 25
307 1 5 25
398 1 5 25
384 1 5 25
411 1 5 25
208 1 5 25
734 1 5 25
218 1 5 25
741 1 5 25
721 1 5 25
349 1 5 25
567 1 5 25
200 1 5 25
330 1 5 25
379 1 5 25
323 1 5 25
725 1 5 25
32 1 5 25
740 1 5 25
375 1 5 25
641 1 5 25
262 1 5 25
410 1 5 25
825 1 5 25
176 1 5 25
850 1 5 25
900 1 5 25
40 1 5 25
418 1 5 25
62 1 5 25
156 1 5 25
293 1 5 25
889 1 5 25
729 1 5 25
542 1 5 25
680 1 5 25
20 1 5 25
783 1 5 25
784 1 5 25
542 1 5 25
798 1 5 25
435 1 5 25
639 1 5 25
166 1 5 25
763 1 5 25
314 1 5 25
281 1 5 25
496 1 5 25
195 1 5 25
850 1 5 25
941 1 5 25
946 1 5 25
703 1 5 25
127 1 5 25
889 1 5 25
239 1 5 25
558 1 5 25
285 1 5 25
982 1 5 25
731 1 5 25
774 1 5 25
118 1 5 25
576 1 5 25
48 1 5 25
4 1 5 25
401 1 5 25
43 1 5 25
958 1 5 25
416 1 5 25
455 1 5 25
75 1 5 25
644 1 5 25
100 1 5 25
521 1 5 25
333 1 5 25
900 1 5 25
861 1 5 25
396 1 5 25
978 1 5 25
879 1 5 25
10 1 5 25
142 1 5 25
66 1 5 25
703 1 5 25
128 1 5 25
600 1 5 25
428 1 5 25
290 1 5 25
75 1 5 25
862 1 5 25
909 1 5 25
225 1 5 25
756 1 5 25
782 1 5 25
886 1 5 25
109 1 5 25
875 1 5 25
267 1 5 25
270 1 5 25
278 1 5 25
136 1 5 25
966 1 5 25
492 1 5 25
302 1 5 25
273 1 5 25
843 1 5 25
937 1 5 25
863 1 5 25
109 1 5 25
797 1 5 25
58 1 5 25
80 1 5 25
566 1 5 25
598 1 5 25
903 1 5 25
50 1 5 25
803 1 5 25
185 1 5 25
309 1 5 25
439 1 5 25
309 1 5 25
777 1 5 25
806 1 5 25
150 1 5 25
631 1 5 25
601 1 5 25
921 1 5 25
364 1 5 25
625 1 5 25
613 1 5 25
533 1 5 25
484 1 5 25
424 1 5 25
722 1 5 25
384 1 5 25
268 1 5 25
828 1 5 25
43 1 5 25
197 1 5 25
81 1 5 25
84 1 5 25
148 1 5 25
868 1 5 25
857 1 5 25
48 1 5 25
976 1 5 25
302 1 5 25
254 1 5 25
67 1 5 25
810 1 5 25
608 1 5 25
22 1 5 25
319 1 5 25
377 1 5 25
677 1 5 25
337 1 5 25
894 1 5 25
150 1 5 25
897 1 5 25
576 1 5 25
913 1 5 25
737 1 5 25
112 1 5 25
437 1 5 25
274 1 5 25
582 1 5 25
225 1 5 25
929 1 5 25
154 1 5 25
656 1 5 25
774 1 5 25
922 1 5 25
481 1 5 25
90 1 5 25
989 1 5 25
46 1 5 25
429 1 5 25
22 1 5 25
194 1 5 25
302 1 5 25
307 1 5 25
697 1 5 25
32 1 5 25
889 1 5 25
97 1 5 25
696 1 5 25
70 1 5 25
516 1 5 25
664 1 5 25
286 1 5 25
679 1 5 25
619 1 5 25
843 1 5 25
428 1 5 25
918 1 5 25
425 1 5 25
842 1 5 25
608 1 5 25
184 1 5 25
982 1 5 25
467 1 5 25
605 1 5 25
91 1 5 25
195 1 5 25
403 1 5 25
101 1 5 25
725 1 5 25
315 1 5 25
325 1 5 25
94 1 5 25
804 1 5 25
480 1 5 25
919 1 5 25
850 1 5 25
277 1 5 25
950 1 5 25
623 1 5 25
123 1 5 25
737 1 5 25
638 1 5 25
465 1 5 25
738 1 5 25
345 1 5 25
720 1 5 25
963 1 5 25
283 1 5 25
424 1 5 25
744 1 5 25
811 1 5 25
338 1 5 25
333 1 5 25
13 1 5 25
381 1 5 25
315 1 5 25
272 1 5 25
480 1 5 25
938 1 5 25
937 1 5 25
430 1 5 25
903 1 5 25
489 1 5 25
72 1 5 25
137 1 5 25
170 1 5 25
315 1 5 25
303 1 5 25
914 1 5 25
321 1 5 25
766 1 5 25
899 1 5 25
774 1 5 25
387 1 5 25
958 1 5 25
324 1 5 25
521 1 5 25
111 1 5 25
471 1 5 25
115 1 5 25
575 1 5 25
757 1 5 25
216 1 5 25
342 1 5 25
73 1 5 25
176 1 5 25
861 1 5 25
728 1 5 25
177 1 5 25
212 1 5 25
353 1 5 25
490 1 5 25
743 1 5 25
844 1 5 25
776 1 5 25
138 1 5 25
552 1 5 25
658 1 5 25
894 1 5 25
733 1 5 25
578 1 5 25
27 1 5 25
481 1 5 25
348 1 5 25
143 1 5 25
196 1 5 25
311 1 5 25
922 1 5 25
410 1 5 25
4 1 5 25
646 1 5 25
608 1 5 25
134 1 5 25
948 1 5 25
75 1 5 25
838 1 5 25
301 1 5 25
691 1 5 25
253 1 5 25
35 1 5 25
142 1 5 25
350 1 5 25
355 1 5 25
161 1 5 25
873 1 5 25
306 1 5 25
371 1 5 25
515 1 5 25
22 1 5 25
6 1 5 25
412 1 5 25
202 1 5 25
821 1 5 25
870 1 5 25
800 1 5 25
663 1 5 25
212 1 5 25
942 1 5 25
844 1 5 25
205 1 5 25
853 1 5 25
207 1 5 25
981 1 5 25
76 1 5 25
470 1 5 25
324 1 5 25
381 1 5 25
481 1 5 25
209 1 5 25
573 1 5 25
508 1 5 25
961 1 5 25
240 1 5 25
628 1 5 25
564 1 5 25
94 1 5 25
616 1 5 25
765 1 5 25
787 1 5 25
223 1 5 25
350 1 5 25
343 1 5 25
99 1 5 25
34 1 5 25
141 1 5 25
851 1 5 25
650 1 5 25
777 1 5 25
761 1 5 25
208 1 5 25
983 1 5 25
823 1 5 25
364 1 5 25
816 1 5 25
359 1 5 25
19 1 5 25
886 1 5 25
872 1 5 25
691 1 5 25
900 1 5 25
397 1 5 25
755 1 5 25
15 1 5 25
170 1 5 25
955 1 5 25
830 1 5 25
504 1 5 25
643 1 5 25
557 1 5 25
322 1 5 25
308 1 5 25
80 1 5 25
217 1 5 25
398 1 5 25
411 1 5 25
962 1 5 25
809 1 5 25
892 1 5 25
925 1 5 25
499 1 5 25
62 1 5 25
667 1 5 25
142 1 5 25
688 1 5 25
656 1 5 25
573 1 5 25
29 1 5 25
351 1 5 25
731 1 5 25
11 1 5 25
118 1 5 25
706 1 5 25
888 1 5 25
239 1 5 25
821 1 5 25
544 1 5 25
686 1 5 25
170 1 5 25
939 1 5 25
525 1 5 25
312 1 5 25
929 1 5 25
420 1 5 25
830 1 5 25
431 1 5 25
104 1 5 25
667 1 5 25
309 1 5 25
13 1 5 25
762 1 5 25
954 1 5 25
301 1 5 25
184 1 5 25
824 1 5 25
647 1 5 25
144 1 5 25
278 1 5 25
656 1 5 25
667 1 5 25
748 1 5 25
945 1 5 25
968 1 5 25
291 1 5 25
684 1 5 25
19 1 5 25
536 1 5 25
449 1 5 25
212 1 5 25
339 1 5 25
876 1 5 25
74 1 5 25
534 1 5 25
224 1 5 25
647 1 5 25
435 1 5 25
234 1 5 25
680 1 5 25
461 1 5 25
870 1 5 25
686 1 5 25
824 1 5 25
662 1 5 25
909 1 5 25
421 1 5 25
63 1 5 25
214 1 5 25
766 1 5 25
390 1 5 25
830 1 5 25
848 1 5 25
584 1 5 25
763 1 5 25
65 1 5 25
738 1 5 25
884 1 5 25
130 1 5 25
171 1 5 25
745 1 5 25
175 1 5 25
948 1 5 25
720 1 5 25
395 1 5 25
